1 0.45039062500000004 0.6298611111111111 0.00703125 0.015277777777777779
1 0.705078125 0.64375 0.00703125 0.015277777777777779
1 0.6359375 0.49583333333333335 0.0078125 0.016666666666666666
1 0.6742187500000001 0.545138888888889 0.00625 0.0125
2 0.58046875 0.6326388888888889 0.0140625 0.02638888888888889
2 0.59609375 0.6326388888888889 0.0125 0.02638888888888889
2 0.7039062500000001 0.6270833333333333 0.0078125 0.015277777777777779
0 0.65234375 0.49583333333333335 0.0078125 0.01388888888888889
0 0.688671875 0.5159722222222223 0.00703125 0.018055555555555557
0 0.697265625 0.5145833333333334 0.00859375 0.015277777777777779
1 0.644140625 0.4965277777777778 0.00703125 0.015277777777777779
