1 0.45039062500000004 0.63125 0.00703125 0.018055555555555557
1 0.6359375 0.4965277777777778 0.0078125 0.015277777777777779
1 0.64375 0.4979166666666667 0.0078125 0.018055555555555557
1 0.6742187500000001 0.545138888888889 0.00625 0.015277777777777779
1 0.705078125 0.6423611111111112 0.00703125 0.0125
2 0.58046875 0.6340277777777779 0.0125 0.02361111111111111
2 0.59609375 0.6319444444444444 0.0140625 0.025
2 0.705078125 0.6270833333333333 0.00859375 0.015277777777777779
0 0.6527343750000001 0.49722222222222223 0.00859375 0.016666666666666666
0 0.6882812500000001 0.5152777777777778 0.0078125 0.016666666666666666
0 0.696484375 0.5152777777777778 0.00859375 0.016666666666666666
